51.4400711059570	34.1792373657227
51.4399711059570	34.1791635932200
51.4398711059570	34.1790898207173
51.4397711059570	34.1790160482146
51.4396711059570	34.1789422757120
51.4395711059570	34.1788685032093
51.4394711059570	34.1787947307066
51.4393711059570	34.1787209582039
51.4392711059570	34.1786471857012
51.4391711059570	34.1785734131986
51.4390711059570	34.1784996406959
51.4389711059570	34.1784258681932
51.4388711059570	34.1783520956905
51.4387711059570	34.1782783231878
51.4386711059570	34.1782045506852
51.4385711059570	34.1781307781825
51.4384711059570	34.1780570056798
51.4383711059570	34.1779832331771
51.4382711059570	34.1779094606745
51.4381711059570	34.1778356881718
51.4380711059570	34.1777619156691
51.4379711059570	34.1776881431664
51.4378711059570	34.1776143706637
51.4377711059570	34.1775405981611
51.4376711059570	34.1774668256584
51.4375711059570	34.1773930531557
51.4374711059570	34.1773192806530
51.4373711059570	34.1772455081504
51.4372711059570	34.1771717356477
51.4371711059570	34.1770979631450
51.4370711059570	34.1770241906423
51.4369711059570	34.1769504181396
51.4368711059570	34.1768766456370
51.4367711059570	34.1768028731343
51.4366711059570	34.1767291006316
51.4365711059570	34.1766553281289
51.4364711059570	34.1765815556263
51.4363711059570	34.1765077831236
51.4362711059570	34.1764340106209
51.4361711059570	34.1763602381182
51.4360711059570	34.1762864656156
51.4359711059570	34.1762126931129
51.4358711059570	34.1761389206102
51.4357711059570	34.1760651481075
51.4356711059570	34.1759913756048
51.4355711059570	34.1759176031022
51.4354711059570	34.1758438305995
51.4353711059570	34.1757700580968
51.4352711059570	34.1756962855941
51.4351711059570	34.1756225130915
51.4350711059570	34.1755487405888
51.4349711059570	34.1754749680861
51.4348711059570	34.1754011955834
51.4347711059570	34.1753274230807
51.4346711059570	34.1752536505781
51.4345711059570	34.1751798780754
51.4344711059570	34.1751061055727
51.4343711059570	34.1750323330700
51.4342711059570	34.1749585605673
51.4341711059570	34.1748847880647
51.4340711059570	34.1748110155620
51.4339711059570	34.1747372430593
51.4338711059570	34.1746634705566
51.4337711059570	34.1745896980540
51.4336711059570	34.1745159255513
51.4335711059570	34.1744421530486
51.4334711059570	34.1743683805459
51.4333711059570	34.1742946080432
51.4332711059570	34.1742208355406
51.4331711059570	34.1741470630379
51.4330711059570	34.1740732905352
51.4329711059570	34.1739995180325
51.4328711059570	34.1739257455299
51.4327711059570	34.1738519730272
51.4326711059570	34.1737782005245
51.4325711059570	34.1737044280218
51.4324711059570	34.1736306555191
51.4323711059570	34.1735568830165
51.4322711059570	34.1734831105138
51.4321711059570	34.1734093380111
51.4320711059570	34.1733355655084
51.4319711059570	34.1732617930058
51.4318711059570	34.1731880205031
51.4317711059570	34.1731142480004
51.4316711059570	34.1730404754977
51.4315711059570	34.1729667029950
51.4314711059570	34.1728929304924
51.4313711059570	34.1728191579897
51.4312711059570	34.1727453854870
51.4311711059570	34.1726716129843
51.4310711059570	34.1725978404816
51.4309711059570	34.1725240679790
51.4308711059570	34.1724502954763
51.4307711059570	34.1723765229736
51.4306711059570	34.1723027504709
51.4305711059570	34.1722289779683
51.4304711059570	34.1721552054656
51.4303711059570	34.1720814329629
51.4302711059570	34.1720076604602
51.4301711059570	34.1719338879575
51.4300711059570	34.1718601154549
51.4299711059570	34.1717863429522
51.4298711059570	34.1717125704495
51.4297711059570	34.1716387979468
51.4296711059570	34.1715650254442
51.4295711059570	34.1714912529415
51.4294711059570	34.1714174804388
51.4293711059570	34.1713437079361
51.4292711059570	34.1712699354334
51.4291711059570	34.1711961629308
51.4290711059570	34.1711223904281
51.4289711059570	34.1710486179254
51.4288711059570	34.1709748454227
51.4287711059570	34.1709010729201
51.4286711059570	34.1708273004174
51.4285711059570	34.1707535279147
51.4284711059570	34.1706797554120
51.4283711059570	34.1706059829094
51.4282711059570	34.1705322104067
51.4281711059570	34.1704584379040
51.4280711059570	34.1703846654013
51.4279711059570	34.1703108928986
51.4278711059570	34.1702371203960
51.4277711059570	34.1701633478933
51.4276711059570	34.1700895753906
51.4275711059570	34.1700158028879
51.4274711059570	34.1699420303852
51.4273711059570	34.1698682578826
51.4272711059570	34.1697944853799
51.4271711059570	34.1697207128772
51.4270711059570	34.1696469403745
51.4269711059570	34.1695731678719
51.4268711059570	34.1694993953692
51.4267711059570	34.1694256228665
51.4266711059570	34.1693518503638
51.4265711059570	34.1692780778611
51.4264711059570	34.1692043053585
51.4263711059570	34.1691305328558
51.4262711059570	34.1690567603531
51.4261711059570	34.1689829878504
51.4260711059570	34.1689092153478
51.4259711059570	34.1688354428451
51.4258711059570	34.1687616703424
51.4257711059570	34.1686878978397
51.4256711059570	34.1686141253370
51.4255711059570	34.1685403528344
51.4254711059570	34.1684665803317
51.4253711059570	34.1683928078290
51.4252711059570	34.1683190353263
51.4251711059570	34.1682452628237
51.4250711059570	34.1681714903210
51.4249711059570	34.1680977178183
51.4248711059570	34.1680239453156
51.4247711059570	34.1679501728129
51.4246711059570	34.1678764003103
51.4245711059570	34.1678026278076
51.4244711059570	34.1677288553049
51.4243711059570	34.1676550828022
51.4242711059570	34.1675813102996
51.4241711059570	34.1675075377969
51.4240711059570	34.1674337652942
51.4239711059570	34.1673599927915
51.4238711059570	34.1672862202888
51.4237711059570	34.1672124477862
51.4236711059570	34.1671386752835
51.4235711059570	34.1670649027808
51.4234711059570	34.1669911302781
51.4233711059570	34.1669173577755
51.4232711059570	34.1668435852728
51.4231711059570	34.1667698127701
51.4230711059570	34.1666960402674
51.4229711059570	34.1666222677647
51.4228711059570	34.1665484952621
51.4227711059570	34.1664747227594
51.4226711059570	34.1664009502567
51.4225711059570	34.1663271777540
51.4224711059570	34.1662534052514
51.4223711059570	34.1661796327487
51.4222711059570	34.1661058602460
51.4221711059570	34.1660320877433
51.4220711059570	34.1659583152406
51.4219711059570	34.1658845427380
51.4218711059570	34.1658107702353
51.4217711059570	34.1657369977326
51.4216711059570	34.1656632252299
51.4215711059570	34.1655894527273
51.4214711059570	34.1655156802246
51.4213711059570	34.1654419077219
51.4212711059570	34.1653681352192
51.4211711059570	34.1652943627165
51.4210711059570	34.1652205902139
51.4209711059570	34.1651468177112
51.4208711059570	34.1650730452085
51.4207711059570	34.1649992727058
51.4206711059570	34.1649255002032
51.4205711059570	34.1648517277005
51.4204711059570	34.1647779551978
51.4203711059570	34.1647041826951
51.4202711059570	34.1646304101924
51.4201711059570	34.1645566376898
51.4200711059570	34.1644828651871
51.4199711059570	34.1644090926844
51.4198711059570	34.1643353201817
51.4197711059570	34.1642615476791
51.4196711059570	34.1641877751764
51.4195711059570	34.1641140026737
51.4194711059570	34.1640402301710
51.4193711059570	34.1639664576683
51.4192711059570	34.1638926851657
51.4191711059570	34.1638189126630
51.4190711059570	34.1637451401603
51.4189711059570	34.1636713676576
51.4188711059570	34.1635975951550
51.4187711059570	34.1635238226523
51.4186711059570	34.1634500501496
51.4185711059570	34.1633762776469
51.4184711059570	34.1633025051442
51.4183711059570	34.1632287326416
51.4182711059570	34.1631549601389
51.4181711059570	34.1630811876362
51.4180711059570	34.1630074151335
51.4179711059570	34.1629336426309
51.4178711059570	34.1628598701282
51.4177711059570	34.1627860976255
51.4176711059570	34.1627123251228
51.4175711059570	34.1626385526201
51.4174711059570	34.1625647801175
51.4173711059570	34.1624910076148
51.4172711059570	34.1624172351121
51.4171711059570	34.1623434626094
51.4170711059570	34.1622696901068
51.4169711059570	34.1621959176041
51.4168711059570	34.1621221451014
51.4167711059570	34.1620483725987
51.4166711059570	34.1619746000960
51.4165711059570	34.1619008275934
51.4164711059570	34.1618270550907
51.4163711059570	34.1617532825880
51.4162711059570	34.1616795100853
51.4161711059570	34.1616057375827
51.4160711059570	34.1615319650800
51.4159711059570	34.1614581925773
51.4158711059570	34.1613844200746
51.4157711059570	34.1613106475719
51.4156711059570	34.1612368750693
51.4155711059570	34.1611631025666
51.4154711059570	34.1610893300639
51.4153711059570	34.1610155575612
51.4152711059570	34.1609417850586
51.4151711059570	34.1608680125559
51.4150711059570	34.1607942400532
51.4149711059570	34.1607204675505
51.4148711059570	34.1606466950478
51.4147711059570	34.1605729225452
51.4146711059570	34.1604991500425
51.4145711059570	34.1604253775398
51.4144711059570	34.1603516050371
51.4143711059570	34.1602778325345
51.4142711059570	34.1602040600318
51.4141711059570	34.1601302875291
51.4140711059570	34.1600565150264
51.4139711059570	34.1599827425237
51.4138711059570	34.1599089700211
51.4137711059570	34.1598351975184
51.4136711059570	34.1597614250157
51.4135711059570	34.1596876525130
51.4134711059570	34.1596138800104
51.4133711059570	34.1595401075077
51.4132711059570	34.1594663350050
51.4131711059570	34.1593925625023
51.4130711059570	34.1593187899996
51.4129711059570	34.1592450174970
51.4128711059570	34.1591712449943
51.4127711059570	34.1590974724916
51.4126711059570	34.1590236999889
51.4125711059570	34.1589499274862
51.4124711059570	34.1588761549836
51.4123711059570	34.1588023824809
51.4122711059570	34.1587286099782
51.4121711059570	34.1586548374755
51.4120711059570	34.1585810649729
51.4119711059570	34.1585072924702
51.4118711059570	34.1584335199675
51.4117711059570	34.1583597474648
51.4116711059570	34.1582859749622
51.4115711059570	34.1582122024595
51.4114711059570	34.1581384299568
51.4113711059570	34.1580646574541
51.4112711059570	34.1579908849514
51.4111711059570	34.1579171124488
51.4110711059570	34.1578433399461
51.4109711059570	34.1577695674434
51.4108711059570	34.1576957949407
51.4107711059570	34.1576220224380
51.4106711059570	34.1575482499354
51.4105711059570	34.1574744774327
51.4104711059570	34.1574007049300
51.4103711059570	34.1573269324273
51.4102711059570	34.1572531599247
51.4101711059570	34.1571793874220
51.4100711059570	34.1571056149193
51.4099711059570	34.1570318424166
51.4098711059570	34.1569580699139
51.4097711059570	34.1568842974113
51.4096711059570	34.1568105249086
51.4095711059570	34.1567367524059
51.4094711059570	34.1566629799032
51.4093711059570	34.1565892074006
51.4092711059570	34.1565154348979
51.4091711059570	34.1564416623952
51.4090711059570	34.1563678898925
51.4089711059570	34.1562941173898
51.4088711059570	34.1562203448872
51.4087711059570	34.1561465723845
51.4086711059570	34.1560727998818
51.4085711059570	34.1559990273791
51.4084711059570	34.1559252548765
51.4083711059570	34.1558514823738
51.4082711059570	34.1557777098711
51.4081711059570	34.1557039373684
51.4080711059570	34.1556301648657
51.4079711059570	34.1555563923631
51.4078711059570	34.1554826198604
51.4077711059570	34.1554088473577
51.4076711059570	34.1553350748550
51.4075711059570	34.1552613023524
51.4074711059570	34.1551875298497
51.4073711059570	34.1551137573470
51.4072711059570	34.1550399848443
51.4071711059570	34.1549662123416
51.4070711059570	34.1548924398390
51.4069711059570	34.1548186673363
51.4068711059570	34.1547448948336
51.4067711059570	34.1546711223309
51.4066711059570	34.1545973498283
51.4065711059570	34.1545235773256
51.4064711059570	34.1544498048229
51.4063711059570	34.1543760323202
51.4062711059570	34.1543022598175
51.4061711059570	34.1542284873149
51.4060711059570	34.1541547148122
51.4059711059570	34.1540809423095
51.4058711059570	34.1540071698068
51.4057711059570	34.1539333973041
51.4056711059570	34.1538596248015
51.4055711059570	34.1537858522988
51.4054711059570	34.1537120797961
51.4053711059570	34.1536383072934
51.4052711059570	34.1535645347908
51.4051711059570	34.1534907622881
51.4050711059570	34.1534169897854
51.4049711059570	34.1533432172827
51.4048711059570	34.1532694447801
51.4047711059570	34.1531956722774
51.4046711059570	34.1531218997747
51.4045711059570	34.1530481272720
51.4044711059570	34.1529743547693
51.4043711059570	34.1529005822667
51.4042711059570	34.1528268097640
51.4041711059570	34.1527530372613
51.4040711059570	34.1526792647586
51.4039711059570	34.1526054922560
51.4038711059570	34.1525317197533
51.4037711059570	34.1524579472506
51.4036711059570	34.1523841747479
51.4035711059570	34.1523104022452
51.4034711059570	34.1522366297426
51.4033711059570	34.1521628572399
51.4032711059570	34.1520890847372
51.4031711059570	34.1520153122345
51.4030711059570	34.1519415397319
51.4029711059570	34.1518677672292
51.4028711059570	34.1517939947265
51.4027711059570	34.1517202222238
51.4026711059570	34.1516464497211
51.4025711059570	34.1515726772185
51.4024711059570	34.1514989047158
51.4023711059570	34.1514251322131
51.4022711059570	34.1513513597104
51.4021711059570	34.1512775872077
51.4020711059570	34.1512038147051
51.4019711059570	34.1511300422024
51.4018711059570	34.1510562696997
51.4017711059570	34.1509824971970
51.4016711059570	34.1509087246944
51.4015711059570	34.1508349521917
51.4014711059570	34.1507611796890
51.4013711059570	34.1506874071863
51.4012711059570	34.1506136346836
51.4011711059570	34.1505398621810
51.4010711059570	34.1504660896783
51.4009711059570	34.1503923171756
51.4008711059570	34.1503185446729
51.4007711059570	34.1502447721703
51.4006711059570	34.1501709996676
51.4005711059570	34.1500972271649
51.4004711059570	34.1500234546622
51.4003711059570	34.1499496821595
51.4002711059570	34.1498759096569
51.4001711059570	34.1498021371542
51.4000711059570	34.1497283646515
51.3999711059570	34.1496545921488
51.3998711059570	34.1495808196462
51.3997711059570	34.1495070471435
51.3996711059570	34.1494332746408
51.3995711059570	34.1493595021381
51.3994711059570	34.1492857296354
51.3993711059570	34.1492119571328
51.3992711059570	34.1491381846301
51.3991711059570	34.1490644121274
51.3990711059570	34.1489906396247
51.3989711059570	34.1489168671221
51.3988711059570	34.1488430946194
51.3987711059570	34.1487693221167
51.3986711059570	34.1486955496140
51.3985711059570	34.1486217771113
51.3984711059570	34.1485480046087
51.3983711059570	34.1484742321060
51.3982711059570	34.1484004596033
51.3981711059570	34.1483266871006
51.3980711059570	34.1482529145980
51.3979711059570	34.1481791420953
51.3978711059570	34.1481053695926
51.3977711059570	34.1480315970899
51.3976711059570	34.1479578245872
51.3975711059570	34.1478840520846
51.3974711059570	34.1478102795819
51.3973711059570	34.1477365070792
51.3972711059570	34.1476627345765
51.3971711059570	34.1475889620739
51.3970711059570	34.1475151895712
51.3969711059570	34.1474414170685
51.3968711059570	34.1473676445658
51.3967711059570	34.1472938720631
51.3966711059570	34.1472200995605
51.3965711059570	34.1471463270578
51.3964711059570	34.1470725545551
51.3963711059570	34.1469987820524
51.3962711059570	34.1469250095498
51.3961711059570	34.1468512370471
51.3960711059570	34.1467774645444
51.3959711059570	34.1467036920417
51.3958711059570	34.1466299195390
51.3957711059570	34.1465561470364
51.3956711059570	34.1464823745337
51.3955711059570	34.1464086020310
51.3954711059570	34.1463348295283
51.3953711059570	34.1462610570257
51.3952711059570	34.1461872845230
51.3951711059570	34.1461135120203
51.3950711059570	34.1460397395176
51.3949711059570	34.1459659670149
51.3948711059570	34.1458921945123
51.3947711059570	34.1458184220096
51.3946711059570	34.1457446495069
51.3945711059570	34.1456708770042
51.3944711059570	34.1455971045016
51.3943711059570	34.1455233319989
51.3942711059570	34.1454495594962
51.3941711059570	34.1453757869935
51.3940711059570	34.1453020144908
51.3939711059570	34.1452282419882
51.3938711059570	34.1451544694855
51.3937711059570	34.1450806969828
51.3936711059570	34.1450069244801
51.3935711059570	34.1449331519775
51.3934711059570	34.1448593794748
51.3933711059570	34.1447856069721
51.3932711059570	34.1447118344694
51.3931711059570	34.1446380619667
51.3930711059570	34.1445642894641
51.3929711059570	34.1444905169614
51.3928711059570	34.1444167444587
51.3927711059570	34.1443429719560
51.3926711059570	34.1442691994534
51.3925711059570	34.1441954269507
51.3924711059570	34.1441216544480
51.3923711059570	34.1440478819453
51.3922711059570	34.1439741094426
51.3921711059570	34.1439003369400
51.3920711059570	34.1438265644373
51.3919711059570	34.1437527919346
51.3918711059570	34.1436790194319
51.3917711059570	34.1436052469293
51.3916711059570	34.1435314744266
51.3915711059570	34.1434577019239
51.3914711059570	34.1433839294212
51.3913711059570	34.1433101569185
51.3912711059570	34.1432363844159
51.3911711059570	34.1431626119132
51.3910711059570	34.1430888394105
51.3909711059570	34.1430150669078
51.3908711059570	34.1429412944052
51.3907711059570	34.1428675219025
51.3906711059570	34.1427937493998
51.3905711059570	34.1427199768971
51.3904711059570	34.1426462043944
51.3903711059570	34.1425724318918
51.3902711059570	34.1424986593891
51.3901711059570	34.1424248868864
51.3900711059570	34.1423511143837
51.3899711059570	34.1422773418811
51.3898711059570	34.1422035693784
51.3897711059570	34.1421297968757
51.3896711059570	34.1420560243730
51.3895711059570	34.1419822518703
51.3894711059570	34.1419084793677
51.3893711059570	34.1418347068650
51.3892711059570	34.1417609343623
51.3891711059570	34.1416871618596
51.3890711059570	34.1416133893570
51.3889711059570	34.1415396168543
51.3888711059570	34.1414658443516
51.3887711059570	34.1413920718489
51.3886711059570	34.1413182993462
51.3885711059570	34.1412445268436
51.3884711059570	34.1411707543409
51.3883711059570	34.1410969818382
51.3882711059570	34.1410232093355
51.3881711059570	34.1409494368328
51.3880711059570	34.1408756643302
51.3879711059570	34.1408018918275
51.3878711059570	34.1407281193248
51.3877711059570	34.1406543468221
51.3876711059570	34.1405805743195
51.3875711059570	34.1405068018168
51.3874711059570	34.1404330293141
51.3873711059570	34.1403592568114
51.3872711059570	34.1402854843088
51.3871711059570	34.1402117118061
51.3870711059570	34.1401379393034
51.3869711059570	34.1400641668007
51.3868711059570	34.1399903942980
51.3867711059570	34.1399166217954
51.3866711059570	34.1398428492927
51.3865711059570	34.1397690767900
51.3864711059570	34.1396953042873
51.3863711059570	34.1396215317847
51.3862711059570	34.1395477592820
51.3861711059570	34.1394739867793
51.3860711059570	34.1394002142766
51.3859711059570	34.1393264417739
51.3858711059570	34.1392526692713
51.3857711059570	34.1391788967686
51.3856711059570	34.1391051242659
51.3855711059570	34.1390313517632
51.3854711059570	34.1389575792605
51.3853711059570	34.1388838067579
51.3852711059570	34.1388100342552
51.3851711059570	34.1387362617525
51.3850711059570	34.1386624892498
51.3849711059570	34.1385887167472
51.3848711059570	34.1385149442445
51.3847711059570	34.1384411717418
51.3846711059570	34.1383673992391
51.3845711059570	34.1382936267364
51.3844711059570	34.1382198542338
51.3843711059570	34.1381460817311
51.3842711059570	34.1380723092284
51.3841711059570	34.1379985367257
51.3840711059570	34.1379247642231
51.3839711059570	34.1378509917204
51.3838711059570	34.1377772192177
51.3837711059570	34.1377034467150
51.3836711059570	34.1376296742123
51.3835711059570	34.1375559017097
51.3834711059570	34.1374821292070
51.3833711059570	34.1374083567043
51.3832711059570	34.1373345842016
51.3831711059570	34.1372608116990
51.3830711059570	34.1371870391963
51.3829711059570	34.1371132666936
51.3828711059570	34.1370394941909
51.3827711059570	34.1369657216882
51.3826711059570	34.1368919491856
51.3825711059570	34.1368181766829
51.3824711059570	34.1367444041802
51.3823711059570	34.1366706316775
51.3822711059570	34.1365968591749
51.3821711059570	34.1365230866722
51.3820711059570	34.1364493141695
51.3819711059570	34.1363755416668
51.3818711059570	34.1363017691641
51.3817711059570	34.1362279966615
51.3816711059570	34.1361542241588
51.3815711059570	34.1360804516561
51.3814711059570	34.1360066791534
51.3813711059570	34.1359329066508
51.3812711059570	34.1358591341481
51.3811711059570	34.1357853616454
51.3810711059570	34.1357115891427
51.3809711059570	34.1356378166400
51.3808711059570	34.1355640441374
51.3807711059570	34.1354902716347
51.3806711059570	34.1354164991320
51.3805711059570	34.1353427266293
51.3804711059570	34.1352689541266
51.3803711059570	34.1351951816240
51.3802711059570	34.1351214091213
51.3801711059570	34.1350476366186
51.3800711059570	34.1349738641159
51.3799711059570	34.1349000916133
51.3798711059570	34.1348263191106
51.3797711059570	34.1347525466079
51.3796711059570	34.1346787741052
51.3795711059570	34.1346050016026
51.3794711059570	34.1345312290999
51.3793711059570	34.1344574565972
51.3792711059570	34.1343836840945
51.3791711059570	34.1343099115918
51.3790711059570	34.1342361390892
51.3789711059570	34.1341623665865
51.3788711059570	34.1340885940838
51.3787711059570	34.1340148215811
51.3786711059570	34.1339410490784
51.3785711059570	34.1338672765758
51.3784711059570	34.1337935040731
51.3783711059570	34.1337197315704
51.3782711059570	34.1336459590677
51.3781711059570	34.1335721865651
51.3780711059570	34.1334984140624
51.3779711059570	34.1334246415597
51.3778711059570	34.1333508690570
51.3777711059570	34.1332770965544
51.3776711059570	34.1332033240517
51.3775711059570	34.1331295515490
51.3774711059570	34.1330557790463
51.3773711059570	34.1329820065436
51.3772711059570	34.1329082340410
51.3771711059570	34.1328344615383
51.3770711059570	34.1327606890356
51.3769711059570	34.1326869165329
51.3768711059570	34.1326131440302
51.3767711059570	34.1325393715276
51.3766711059570	34.1324655990249
51.3765711059570	34.1323918265222
51.3764711059570	34.1323180540195
51.3763711059570	34.1322442815169
51.3762711059570	34.1321705090142
51.3761711059570	34.1320967365115
51.3760711059570	34.1320229640088
51.3759711059570	34.1319491915061
51.3758711059570	34.1318754190035
51.3757711059570	34.1318016465008
51.3756711059570	34.1317278739981
51.3755711059570	34.1316541014954
51.3754711059570	34.1315803289928
51.3753711059570	34.1315065564901
51.3752711059570	34.1314327839874
51.3751711059570	34.1313590114847
51.3750711059570	34.1312852389820
51.3749711059570	34.1312114664794
51.3748711059570	34.1311376939767
51.3747711059570	34.1310639214740
51.3746711059570	34.1309901489713
51.3745711059570	34.1309163764687
51.3744711059570	34.1308426039660
51.3743711059570	34.1307688314633
51.3742711059570	34.1306950589606
51.3741711059570	34.1306212864579
51.3740711059570	34.1305475139553
51.3739711059570	34.1304737414526
51.3738711059570	34.1303999689499
51.3737711059570	34.1303261964472
51.3736711059570	34.1302524239446
51.3735711059570	34.1301786514419
51.3734711059570	34.1301048789392
51.3733711059570	34.1300311064365
51.3732711059570	34.1299573339338
51.3731711059570	34.1298835614312
51.3730711059570	34.1298097889285
51.3729711059570	34.1297360164258
51.3728711059570	34.1296622439231
51.3727711059570	34.1295884714205
51.3726711059570	34.1295146989178
51.3725711059570	34.1294409264151
51.3724711059570	34.1293671539124
51.3723711059570	34.1292933814097
51.3722711059570	34.1292196089071
51.3721711059570	34.1291458364044
51.3720711059570	34.1290720639017
51.3719711059570	34.1289982913990
51.3718711059570	34.1289245188964
51.3717711059570	34.1288507463937
51.3716711059570	34.1287769738910
51.3715711059570	34.1287032013883
51.3714711059570	34.1286294288856
51.3713711059570	34.1285556563830
51.3712711059570	34.1284818838803
51.3711711059570	34.1284081113776
51.3710711059570	34.1283343388749
51.3709711059570	34.1282605663723
51.3708711059570	34.1281867938696
51.3707711059570	34.1281130213669
51.3706711059570	34.1280392488642
51.3705711059570	34.1279654763615
51.3704711059570	34.1278917038589
51.3703711059570	34.1278179313562
51.3702711059570	34.1277441588535
51.3701711059570	34.1276703863508
51.3700711059570	34.1275966138482
51.3699711059570	34.1275228413455
51.3698711059570	34.1274490688428
51.3697711059570	34.1273752963401
51.3696711059570	34.1273015238374
51.3695711059570	34.1272277513348
51.3694711059570	34.1271539788321
51.3693711059570	34.1270802063294
51.3692711059570	34.1270064338267
51.3691711059570	34.1269326613241
51.3690711059570	34.1268588888214
51.3689711059570	34.1267851163187
51.3688711059570	34.1267113438160
51.3687711059570	34.1266375713133
51.3686711059570	34.1265637988107
51.3685711059570	34.1264900263080
51.3684711059570	34.1264162538053
51.3683711059570	34.1263424813026
51.3682711059570	34.1262687088000
51.3681711059570	34.1261949362973
51.3680711059570	34.1261211637946
51.3679711059570	34.1260473912919
51.3678711059570	34.1259736187892
51.3677711059570	34.1258998462866
51.3676711059570	34.1258260737839
51.3675711059570	34.1257523012812
51.3674711059570	34.1256785287785
51.3673711059570	34.1256047562759
51.3672711059570	34.1255309837732
51.3671711059570	34.1254572112705
51.3670711059570	34.1253834387678
51.3669711059570	34.1253096662651
51.3668711059570	34.1252358937625
51.3667711059570	34.1251621212598
51.3666711059570	34.1250883487571
51.3665711059570	34.1250145762544
51.3664711059570	34.1249408037518
51.3663711059570	34.1248670312491
51.3662711059570	34.1247932587464
51.3661711059570	34.1247194862437
51.3660711059570	34.1246457137410
51.3659711059570	34.1245719412384
51.3658711059570	34.1244981687357
51.3657711059570	34.1244243962330
51.3656711059570	34.1243506237303
51.3655711059570	34.1242768512277
51.3654711059570	34.1242030787250
51.3653711059570	34.1241293062223
51.3652711059570	34.1240555337196
51.3651711059570	34.1239817612169
51.3650711059570	34.1239079887143
51.3649711059570	34.1238342162116
51.3648711059570	34.1237604437089
51.3647711059570	34.1236866712062
51.3646711059570	34.1236128987036
51.3645711059570	34.1235391262009
51.3644711059570	34.1234653536982
51.3643711059570	34.1233915811955
51.3642711059570	34.1233178086928
51.3641711059570	34.1232440361902
51.3640711059570	34.1231702636875
51.3639711059570	34.1230964911848
51.3638711059570	34.1230227186821
51.3637711059570	34.1229489461794
51.3636711059570	34.1228751736768
51.3635711059570	34.1228014011741
51.3634711059570	34.1227276286714
51.3633711059570	34.1226538561687
51.3632711059570	34.1225800836661
51.3631711059570	34.1225063111634
51.3630711059570	34.1224325386607
51.3629711059570	34.1223587661580
51.3628711059570	34.1222849936554
51.3627711059570	34.1222112211527
51.3626711059570	34.1221374486500
51.3625711059570	34.1220636761473
51.3624711059570	34.1219899036446
51.3623711059570	34.1219161311420
51.3622711059570	34.1218423586393
51.3621711059570	34.1217685861366
51.3620711059570	34.1216948136339
51.3619711059570	34.1216210411313
51.3618711059570	34.1215472686286
51.3617711059570	34.1214734961259
51.3616711059570	34.1213997236232
51.3615711059570	34.1213259511205
51.3614711059570	34.1212521786179
51.3613711059570	34.1211784061152
51.3612711059570	34.1211046336125
51.3611711059570	34.1210308611098
51.3610711059570	34.1209570886071
51.3609711059570	34.1208833161045
51.3608711059570	34.1208095436018
51.3607711059570	34.1207357710991
51.3606711059570	34.1206619985964
51.3605711059570	34.1205882260938
51.3604711059570	34.1205144535911
51.3603711059570	34.1204406810884
51.3602711059570	34.1203669085857
51.3601711059570	34.1202931360831
51.3600711059570	34.1202193635804
51.3599711059570	34.1201455910777
51.3598711059570	34.1200718185750
51.3597711059570	34.1199980460723
51.3596711059570	34.1199242735697
51.3595711059570	34.1198505010670
51.3594711059570	34.1197767285643
51.3593711059570	34.1197029560616
51.3592711059570	34.1196291835589
51.3591711059570	34.1195554110563
51.3590711059570	34.1194816385536
51.3589711059570	34.1194078660509
51.3588711059570	34.1193340935482
51.3587711059570	34.1192603210456
51.3586711059570	34.1191865485429
51.3585711059570	34.1191127760402
51.3584711059570	34.1190390035375
51.3583711059570	34.1189652310349
51.3582711059570	34.1188914585322
51.3581711059570	34.1188176860295
51.3580711059570	34.1187439135268
51.3579711059570	34.1186701410241
51.3578711059570	34.1185963685215
51.3577711059570	34.1185225960188
51.3576711059570	34.1184488235161
51.3575711059570	34.1183750510134
51.3574711059570	34.1183012785107
51.3573711059570	34.1182275060081
51.3572711059570	34.1181537335054
51.3571711059570	34.1180799610027
51.3570711059570	34.1180061885000
51.3569711059570	34.1179324159974
51.3568711059570	34.1178586434947
51.3567711059570	34.1177848709920
51.3566711059570	34.1177110984893
51.3565711059570	34.1176373259866
51.3564711059570	34.1175635534840
51.3563711059570	34.1174897809813
51.3562711059570	34.1174160084786
51.3561711059570	34.1173422359759
51.3560711059570	34.1172684634733
51.3559711059570	34.1171946909706
51.3558711059570	34.1171209184679
51.3557711059570	34.1170471459652
51.3556711059570	34.1169733734625
51.3555711059570	34.1168996009599
51.3554711059570	34.1168258284572
51.3553711059570	34.1167520559545
51.3552711059570	34.1166782834518
51.3551711059570	34.1166045109492
51.3550711059570	34.1165307384465
51.3549711059570	34.1164569659438
51.3548711059570	34.1163831934411
51.3547711059570	34.1163094209384
51.3546711059570	34.1162356484358
51.3545711059570	34.1161618759331
51.3544711059570	34.1160881034304
51.3543711059570	34.1160143309277
51.3542711059570	34.1159405584251
51.3541711059570	34.1158667859224
51.3540711059570	34.1157930134197
51.3539711059570	34.1157192409170
51.3538711059570	34.1156454684143
51.3537711059570	34.1155716959117
51.3536711059570	34.1154979234090
51.3535711059570	34.1154241509063
51.3534711059570	34.1153503784036
51.3533711059570	34.1152766059010
51.3532711059570	34.1152028333983
51.3531711059570	34.1151290608956
51.3530711059570	34.1150552883929
51.3529711059570	34.1149815158902
51.3528711059570	34.1149077433876
51.3527711059570	34.1148339708849
51.3526711059570	34.1147601983822
51.3525711059570	34.1146864258795
51.3524711059570	34.1146126533768
51.3523711059570	34.1145388808742
51.3522711059570	34.1144651083715
51.3521711059570	34.1143913358688
51.3520711059570	34.1143175633661
51.3519711059570	34.1142437908635
51.3518711059570	34.1141700183608
51.3517711059570	34.1140962458581
51.3516711059570	34.1140224733554
51.3515711059570	34.1139487008527
51.3514711059570	34.1138749283501
51.3513711059570	34.1138011558474
51.3512711059570	34.1137273833447
51.3511711059570	34.1136536108420
51.3510711059570	34.1135798383394
51.3509711059570	34.1135060658367
51.3508711059570	34.1134322933340
51.3507711059570	34.1133585208313
51.3506711059570	34.1132847483287
51.3505711059570	34.1132109758260
51.3504711059570	34.1131372033233
51.3503711059570	34.1130634308206
51.3502711059570	34.1129896583179
51.3501711059570	34.1129158858153
51.3500711059570	34.1128421133126
51.3499711059570	34.1127683408099
51.3498711059570	34.1126945683072
51.3497711059570	34.1126207958045
51.3496711059570	34.1125470233019
51.3495711059570	34.1124732507992
51.3494711059570	34.1123994782965
51.3493711059570	34.1123257057938
51.3492711059570	34.1122519332912
51.3491711059570	34.1121781607885
51.3490711059570	34.1121043882858
51.3489711059570	34.1120306157831
51.3488711059570	34.1119568432804
51.3487711059570	34.1118830707778
51.3486711059570	34.1118092982751
51.3485711059570	34.1117355257724
51.3484711059570	34.1116617532697
51.3483711059570	34.1115879807671
51.3482711059570	34.1115142082644
51.3481711059570	34.1114404357617
51.3480711059570	34.1113666632590
51.3479711059570	34.1112928907563
51.3478711059570	34.1112191182537
51.3477711059570	34.1111453457510
51.3476711059570	34.1110715732483
51.3475711059570	34.1109978007456
51.3474711059570	34.1109240282430
51.3473711059570	34.1108502557403
51.3472711059570	34.1107764832376
51.3471711059570	34.1107027107349
51.3470711059570	34.1106289382322
51.3469711059570	34.1105551657296
51.3468711059570	34.1104813932269
51.3467711059570	34.1104076207242
51.3466711059570	34.1103338482215
51.3465711059570	34.1102600757189
51.3464711059570	34.1101863032162
51.3463711059570	34.1101125307135
51.3462711059570	34.1100387582108
51.3461711059570	34.1099649857081
51.3460711059570	34.1098912132055
51.3459711059570	34.1098174407028
51.3458711059570	34.1097436682001
51.3457711059570	34.1096698956974
51.3456711059570	34.1095961231948
51.3455711059570	34.1095223506921
51.3454711059570	34.1094485781894
51.3453711059570	34.1093748056867
51.3452711059570	34.1093010331840
51.3451711059570	34.1092272606814
51.3450711059570	34.1091534881787
51.3449711059570	34.1090797156760
51.3448711059570	34.1090059431733
51.3447711059570	34.1089321706707
51.3446711059570	34.1088583981680
51.3445711059570	34.1087846256653
51.3444711059570	34.1087108531626
51.3443711059570	34.1086370806599
51.3442711059570	34.1085633081573
51.3441711059570	34.1084895356546
51.3440711059570	34.1084157631519
51.3439711059570	34.1083419906492
51.3438711059570	34.1082682181466
51.3437711059570	34.1081944456439
51.3436711059570	34.1081206731412
51.3435711059570	34.1080469006385
51.3434711059570	34.1079731281358
51.3433711059570	34.1078993556332
51.3432711059570	34.1078255831305
51.3431711059570	34.1077518106278
51.3430711059570	34.1076780381251
51.3429711059570	34.1076042656225
51.3428711059570	34.1075304931198
51.3427711059570	34.1074567206171
51.3426711059570	34.1073829481144
51.3425711059570	34.1073091756117
51.3424711059570	34.1072354031091
51.3423711059570	34.1071616306064
51.3422711059570	34.1070878581037
51.3421711059570	34.1070140856010
51.3420711059570	34.1069403130984
51.3419711059570	34.1068665405957
51.3418711059570	34.1067927680930
51.3417711059570	34.1067189955903
51.3416711059570	34.1066452230876
51.3415711059570	34.1065714505850
51.3414711059570	34.1064976780823
51.3413711059570	34.1064239055796
51.3412711059570	34.1063501330769
51.3411711059570	34.1062763605743
51.3410711059570	34.1062025880716
51.3409711059570	34.1061288155689
51.3408711059570	34.1060550430662
51.3407711059570	34.1059812705635
51.3406711059570	34.1059074980609
51.3405711059570	34.1058337255582
51.3404711059570	34.1057599530555
51.3403711059570	34.1056861805528
51.3402711059570	34.1056124080502
51.3401711059570	34.1055386355475
51.3400711059570	34.1054648630448
51.3399711059570	34.1053910905421
51.3398711059570	34.1053173180394
51.3397711059570	34.1052435455368
51.3396711059570	34.1051697730341
51.3395711059570	34.1050960005314
51.3394711059570	34.1050222280287
51.3393711059570	34.1049484555261
51.3392711059570	34.1048746830234
51.3391711059570	34.1048009105207
51.3390711059570	34.1047271380180
51.3389711059570	34.1046533655153
51.3388711059570	34.1045795930127
51.3387711059570	34.1045058205100
51.3386711059570	34.1044320480073
51.3385711059570	34.1043582755046
51.3384711059570	34.1042845030020
51.3383711059570	34.1042107304993
51.3382711059570	34.1041369579966
51.3381711059570	34.1040631854939
51.3380711059570	34.1039894129912
51.3379711059570	34.1039156404886
51.3378711059570	34.1038418679859
51.3377711059570	34.1037680954832
51.3376711059570	34.1036943229805
51.3375711059570	34.1036205504779
51.3374711059570	34.1035467779752
51.3373711059570	34.1034730054725
51.3372711059570	34.1033992329698
51.3371711059570	34.1033254604671
51.3370711059570	34.1032516879645
51.3369711059570	34.1031779154618
51.3368711059570	34.1031041429591
51.3367711059570	34.1030303704564
51.3366711059570	34.1029565979537
51.3365711059570	34.1028828254511
51.3364711059570	34.1028090529484
51.3363711059570	34.1027352804457
51.3362711059570	34.1026615079430
51.3361711059570	34.1025877354404
51.3360711059570	34.1025139629377
51.3359711059570	34.1024401904350
51.3358711059570	34.1023664179323
51.3357711059570	34.1022926454296
51.3356711059570	34.1022188729270
51.3355711059570	34.1021451004243
51.3354711059570	34.1020713279216
51.3353711059570	34.1019975554189
51.3352711059570	34.1019237829163
51.3351711059570	34.1018500104136
51.3350711059570	34.1017762379109
51.3349711059570	34.1017024654082
51.3348711059570	34.1016286929055
51.3347711059570	34.1015549204029
51.3346711059570	34.1014811479002
51.3345711059570	34.1014073753975
51.3344711059570	34.1013336028948
51.3343711059570	34.1012598303922
51.3342711059570	34.1011860578895
51.3341711059570	34.1011122853868
51.3340711059570	34.1010385128841
51.3339711059570	34.1009647403814
51.3338711059570	34.1008909678788
51.3337711059570	34.1008171953761
51.3336711059570	34.1007434228734
51.3335711059570	34.1006696503707
51.3334711059570	34.1005958778681
51.3333711059570	34.1005221053654
51.3332711059570	34.1004483328627
51.3331711059570	34.1003745603600
51.3330711059570	34.1003007878574
51.3329711059570	34.1002270153547
51.3328711059570	34.1001532428520
51.3327711059570	34.1000794703493
51.3326711059570	34.1000056978466
51.3325711059570	34.0999319253440
51.3324711059570	34.0998581528413
51.3323711059570	34.0997843803386
51.3322711059570	34.0997106078359
51.3321711059570	34.0996368353332
51.3320711059570	34.0995630628306
51.3319711059570	34.0994892903279
51.3318711059570	34.0994155178252
51.3317711059570	34.0993417453225
51.3316711059570	34.0992679728199
51.3315711059570	34.0991942003172
51.3314711059570	34.0991204278145
51.3313711059570	34.0990466553118
51.3312711059570	34.0989728828091
51.3311711059570	34.0988991103065
51.3310711059570	34.0988253378038
51.3309711059570	34.0987515653011
51.3308711059570	34.0986777927984
51.3307711059570	34.0986040202958
51.3306711059570	34.0985302477931
51.3305711059570	34.0984564752904
51.3304711059570	34.0983827027877
51.3303711059570	34.0983089302850
51.3302711059570	34.0982351577824
51.3301711059570	34.0981613852797
51.3300711059570	34.0980876127770
51.3299711059570	34.0980138402743
51.3298711059570	34.0979400677717
51.3297711059570	34.0978662952690
51.3296711059570	34.0977925227663
51.3295711059570	34.0977187502636
51.3294711059570	34.0976449777609
51.3293711059570	34.0975712052583
51.3292711059570	34.0974974327556
51.3291711059570	34.0974236602529
51.3290711059570	34.0973498877502
51.3289711059570	34.0972761152476
51.3288711059570	34.0972023427449
51.3287711059570	34.0971285702422
51.3286711059570	34.0970547977395
51.3285711059570	34.0969810252368
51.3284711059570	34.0969072527342
51.3283711059570	34.0968334802315
51.3282711059570	34.0967597077288
51.3281711059570	34.0966859352261
51.3280711059570	34.0966121627235
51.3279711059570	34.0965383902208
51.3278711059570	34.0964646177181
51.3277711059570	34.0963908452154
51.3276711059570	34.0963170727127
51.3275711059570	34.0962433002101
51.3274711059570	34.0961695277074
51.3273711059570	34.0960957552047
51.3272711059570	34.0960219827020
51.3271711059570	34.0959482101994
51.3270711059570	34.0958744376967
51.3269711059570	34.0958006651940
51.3268711059570	34.0957268926913
51.3267711059570	34.0956531201886
51.3266711059570	34.0955793476860
51.3265711059570	34.0955055751833
51.3264711059570	34.0954318026806
51.3263711059570	34.0953580301779
51.3262711059570	34.0952842576752
51.3261711059570	34.0952104851726
51.3260711059570	34.0951367126699
51.3259711059570	34.0950629401672
51.3258711059570	34.0949891676645
51.3257711059570	34.0949153951619
51.3256711059570	34.0948416226592
51.3255711059570	34.0947678501565
51.3254711059570	34.0946940776538
51.3253711059570	34.0946203051512
51.3252711059570	34.0945465326485
51.3251711059570	34.0944727601458
51.3250711059570	34.0943989876431
51.3249711059570	34.0943252151404
51.3248711059570	34.0942514426378
51.3247711059570	34.0941776701351
51.3246711059570	34.0941038976324
51.3245711059570	34.0940301251297
51.3244711059570	34.0939563526271
51.3243711059570	34.0938825801244
51.3242711059570	34.0938088076217
51.3241711059570	34.0937350351190
51.3240711059570	34.0936612626163
51.3239711059570	34.0935874901137
51.3238711059570	34.0935137176110
51.3237711059570	34.0934399451083
51.3236711059570	34.0933661726056
51.3235711059570	34.0932924001030
51.3234711059570	34.0932186276003
51.3233711059570	34.0931448550976
51.3232711059570	34.0930710825949
51.3231711059570	34.0929973100922
51.3230711059570	34.0929235375896
51.3229711059570	34.0928497650869
51.3228711059570	34.0927759925842
51.3227711059570	34.0927022200815
51.3226711059570	34.0926284475788
51.3225711059570	34.0925546750762
51.3224711059570	34.0924809025735
51.3223711059570	34.0924071300708
51.3222711059570	34.0923333575681
51.3221711059570	34.0922595850655
51.3220711059570	34.0921858125628
51.3219711059570	34.0921120400601
51.3218711059570	34.0920382675574
51.3217711059570	34.0919644950548
51.3216711059570	34.0918907225521
51.3215711059570	34.0918169500494
51.3214711059570	34.0917431775467
51.3213711059570	34.0916694050440
51.3212711059570	34.0915956325414
51.3211711059570	34.0915218600387
51.3210711059570	34.0914480875360
51.3209711059570	34.0913743150333
51.3208711059570	34.0913005425307
51.3207711059570	34.0912267700280
51.3206711059570	34.0911529975253
51.3205711059570	34.0910792250226
51.3204711059570	34.0910054525199
51.3203711059570	34.0909316800173
51.3202711059570	34.0908579075146
51.3201711059570	34.0907841350119
51.3200711059570	34.0907103625092
51.3199711059570	34.0906365900066
51.3198711059570	34.0905628175039
51.3197711059570	34.0904890450012
51.3196711059570	34.0904152724985
51.3195711059570	34.0903414999958
51.3194711059570	34.0902677274932
51.3193711059570	34.0901939549905
51.3192711059570	34.0901201824878
51.3191711059570	34.0900464099851
51.3190711059570	34.0899726374825
51.3189711059570	34.0898988649798
51.3188711059570	34.0898250924771
51.3187711059570	34.0897513199744
51.3186711059570	34.0896775474717
51.3185711059570	34.0896037749691
51.3184711059570	34.0895300024664
51.3183711059570	34.0894562299637
51.3182711059570	34.0893824574610
51.3181711059570	34.0893086849584
51.3180711059570	34.0892349124557
51.3179711059570	34.0891611399530
51.3178711059570	34.0890873674503
51.3177711059570	34.0890135949476
51.3176711059570	34.0889398224450
51.3175711059570	34.0888660499423
51.3174711059570	34.0887922774396
51.3173711059570	34.0887185049369
51.3172711059570	34.0886447324342
51.3171711059570	34.0885709599316
51.3170711059570	34.0884971874289
51.3169711059570	34.0884234149262
51.3168711059570	34.0883496424235
51.3167711059570	34.0882758699209
51.3166711059570	34.0882020974182
51.3165711059570	34.0881283249155
51.3164711059570	34.0880545524128
51.3163711059570	34.0879807799101
51.3162711059570	34.0879070074075
51.3161711059570	34.0878332349048
51.3160711059570	34.0877594624021
51.3159711059570	34.0876856898994
51.3158711059570	34.0876119173968
51.3157711059570	34.0875381448941
51.3156711059570	34.0874643723914
51.3155711059570	34.0873905998887
51.3154711059570	34.0873168273861
51.3153711059570	34.0872430548834
51.3152711059570	34.0871692823807
51.3151711059570	34.0870955098780
51.3150711059570	34.0870217373753
51.3149711059570	34.0869479648727
51.3148711059570	34.0868741923700
51.3147711059570	34.0868004198673
51.3146711059570	34.0867266473646
51.3145711059570	34.0866528748619
51.3144711059570	34.0865791023593
51.3143711059570	34.0865053298566
51.3142711059570	34.0864315573539
51.3141711059570	34.0863577848512
51.3140711059570	34.0862840123486
51.3139711059570	34.0862102398459
51.3138711059570	34.0861364673432
51.3137711059570	34.0860626948405
51.3136711059570	34.0859889223379
51.3135711059570	34.0859151498352
51.3134711059570	34.0858413773325
51.3133711059570	34.0857676048298
51.3132711059570	34.0856938323271
51.3131711059570	34.0856200598245
51.3130711059570	34.0855462873218
51.3129711059570	34.0854725148191
51.3128711059570	34.0853987423164
51.3127711059570	34.0853249698137
51.3126711059570	34.0852511973111
51.3125711059570	34.0851774248084
51.3124711059570	34.0851036523057
51.3123711059570	34.0850298798030
51.3122711059570	34.0849561073004
51.3121711059570	34.0848823347977
51.3120711059570	34.0848085622950
51.3119711059570	34.0847347897923
51.3118711059570	34.0846610172896
51.3117711059570	34.0845872447870
51.3116711059570	34.0845134722843
51.3115711059570	34.0844396997816
51.3114711059570	34.0843659272789
51.3113711059570	34.0842921547763
51.3112711059570	34.0842183822736
51.3111711059570	34.0841446097709
51.3110711059570	34.0840708372682
51.3109711059570	34.0839970647655
51.3108711059570	34.0839232922629
51.3107711059570	34.0838495197602
51.3106711059570	34.0837757472575
51.3105711059570	34.0837019747548
51.3104711059570	34.0836282022522
51.3103711059570	34.0835544297495
51.3102711059570	34.0834806572468
51.3101711059570	34.0834068847441
51.3100711059570	34.0833331122414
51.3099711059570	34.0832593397388
51.3098711059570	34.0831855672361
51.3097711059570	34.0831117947334
51.3096711059570	34.0830380222307
51.3095711059570	34.0829642497281
51.3094711059570	34.0828904772254
51.3093711059570	34.0828167047227
51.3092711059570	34.0827429322200
51.3091711059570	34.0826691597173
51.3090711059570	34.0825953872147
51.3089711059570	34.0825216147120
51.3088711059570	34.0824478422093
51.3087711059570	34.0823740697066
51.3086711059570	34.0823002972039
51.3085711059570	34.0822265247013
51.3084711059570	34.0821527521986
51.3083711059570	34.0820789796959
51.3082711059570	34.0820052071932
51.3081711059570	34.0819314346906
51.3080711059570	34.0818576621879
51.3079711059570	34.0817838896852
51.3078711059570	34.0817101171825
51.3077711059570	34.0816363446799
51.3076711059570	34.0815625721772
51.3075711059570	34.0814887996745
51.3074711059570	34.0814150271718
51.3073711059570	34.0813412546691
51.3072711059570	34.0812674821665
51.3071711059570	34.0811937096638
51.3070711059570	34.0811199371611
51.3069711059570	34.0810461646584
51.3068711059570	34.0809723921557
51.3067711059570	34.0808986196531
51.3066711059570	34.0808248471504
51.3065711059570	34.0807510746477
51.3064711059570	34.0806773021450
51.3063711059570	34.0806035296424
51.3062711059570	34.0805297571397
51.3061711059570	34.0804559846370
51.3060711059570	34.0803822121343
51.3059711059570	34.0803084396317
51.3058711059570	34.0802346671290
51.3057711059570	34.0801608946263
51.3056711059570	34.0800871221236
51.3055711059570	34.0800133496209
51.3054711059570	34.0799395771183
51.3053711059570	34.0798658046156
51.3052711059570	34.0797920321129
51.3051711059570	34.0797182596102
51.3050711059570	34.0796444871075
51.3049711059570	34.0795707146049
51.3048711059570	34.0794969421022
51.3047711059570	34.0794231695995
51.3046711059570	34.0793493970968
51.3045711059570	34.0792756245941
51.3044711059570	34.0792018520915
51.3043711059570	34.0791280795888
51.3042711059570	34.0790543070861
51.3041711059570	34.0789805345834
51.3040711059570	34.0789067620808
51.3039711059570	34.0788329895781
51.3038711059570	34.0787592170754
51.3037711059570	34.0786854445727
51.3036711059570	34.0786116720701
51.3035711059570	34.0785378995674
51.3034711059570	34.0784641270647
51.3033711059570	34.0783903545620
51.3032711059570	34.0783165820593
51.3031711059570	34.0782428095567
51.3030711059570	34.0781690370540
51.3029711059570	34.0780952645513
51.3028711059570	34.0780214920486
51.3027711059570	34.0779477195460
51.3026711059570	34.0778739470433
51.3025711059570	34.0778001745406
51.3024711059570	34.0777264020379
51.3023711059570	34.0776526295352
51.3022711059570	34.0775788570326
51.3021711059570	34.0775050845299
51.3020711059570	34.0774313120272
51.3019711059570	34.0773575395245
51.3018711059570	34.0772837670219
51.3017711059570	34.0772099945192
51.3016711059570	34.0771362220165
51.3015711059570	34.0770624495138
51.3014711059570	34.0769886770111
51.3013711059570	34.0769149045085
51.3012711059570	34.0768411320058
51.3011711059570	34.0767673595031
51.3010711059570	34.0766935870004
51.3009711059570	34.0766198144978
51.3008711059570	34.0765460419951
51.3007711059570	34.0764722694924
51.3006711059570	34.0763984969897
51.3005711059570	34.0763247244870
51.3004711059570	34.0762509519844
51.3003711059570	34.0761771794817
51.3002711059570	34.0761034069790
51.3001711059570	34.0760296344763
51.3000711059570	34.0759558619737
51.2999711059570	34.0758820894710
51.2998711059570	34.0758083169683
51.2997711059570	34.0757345444656
51.2996711059570	34.0756607719629
51.2995711059570	34.0755869994603
51.2994711059570	34.0755132269576
51.2993711059570	34.0754394544549
51.2992711059570	34.0753656819522
51.2991711059570	34.0752919094496
51.2990711059570	34.0752181369469
51.2989711059570	34.0751443644442
51.2988711059570	34.0750705919415
51.2987711059570	34.0749968194388
51.2986711059570	34.0749230469362
51.2985711059570	34.0748492744335
51.2984711059570	34.0747755019308
51.2983711059570	34.0747017294281
51.2982711059570	34.0746279569255
51.2981711059570	34.0745541844228
51.2980711059570	34.0744804119201
51.2979711059570	34.0744066394174
51.2978711059570	34.0743328669147
51.2977711059570	34.0742590944121
51.2976711059570	34.0741853219094
51.2975711059570	34.0741115494067
51.2974711059570	34.0740377769040
51.2973711059570	34.0739640044014
51.2972711059570	34.0738902318987
51.2971711059570	34.0738164593960
51.2970711059570	34.0737426868933
51.2969711059570	34.0736689143906
51.2968711059570	34.0735951418880
51.2967711059570	34.0735213693853
51.2966711059570	34.0734475968826
51.2965711059570	34.0733738243799
51.2964711059570	34.0733000518773
51.2963711059570	34.0732262793746
51.2962711059570	34.0731525068719
51.2961711059570	34.0730787343692
51.2960711059570	34.0730049618665
51.2959711059570	34.0729311893639
51.2958711059570	34.0728574168612
51.2957711059570	34.0727836443585
51.2956711059570	34.0727098718558
51.2955711059570	34.0726360993532
51.2954711059570	34.0725623268505
51.2953711059570	34.0724885543478
51.2952711059570	34.0724147818451
51.2951711059570	34.0723410093424
51.2950711059570	34.0722672368398
51.2949711059570	34.0721934643371
51.2948711059570	34.0721196918344
51.2947711059570	34.0720459193317
51.2946711059570	34.0719721468291
51.2945711059570	34.0718983743264
51.2944711059570	34.0718246018237
51.2943711059570	34.0717508293210
51.2942711059570	34.0716770568183
51.2941711059570	34.0716032843157
51.2940711059570	34.0715295118130
51.2939711059570	34.0714557393103
51.2938711059570	34.0713819668076
51.2937711059570	34.0713081943050
51.2936711059570	34.0712344218023
51.2935711059570	34.0711606492996
51.2934711059570	34.0710868767969
51.2933711059570	34.0710131042942
51.2932711059570	34.0709393317916
51.2931711059570	34.0708655592889
51.2930711059570	34.0707917867862
51.2929711059570	34.0707180142835
51.2928711059570	34.0706442417809
51.2927711059570	34.0705704692782
51.2926711059570	34.0704966967755
51.2925711059570	34.0704229242728
51.2924711059570	34.0703491517701
51.2923711059570	34.0702753792675
51.2922711059570	34.0702016067648
51.2921711059570	34.0701278342621
51.2920711059570	34.0700540617594
51.2919711059570	34.0699802892568
51.2918711059570	34.0699065167541
51.2917711059570	34.0698327442514
51.2916711059570	34.0697589717487
51.2915711059570	34.0696851992460
51.2914711059570	34.0696114267434
51.2913711059570	34.0695376542407
51.2912711059570	34.0694638817380
51.2911711059570	34.0693901092353
51.2910711059570	34.0693163367327
51.2909711059570	34.0692425642300
51.2908711059570	34.0691687917273
51.2907711059570	34.0690950192246
51.2906711059570	34.0690212467219
51.2905711059570	34.0689474742193
51.2904711059570	34.0688737017166
51.2903711059570	34.0687999292139
51.2902711059570	34.0687261567112
51.2901711059570	34.0686523842085
51.2900711059570	34.0685786117059
51.2899711059570	34.0685048392032
51.2898711059570	34.0684310667005
51.2897711059570	34.0683572941978
51.2896711059570	34.0682835216952
51.2895711059570	34.0682097491925
51.2894711059570	34.0681359766898
51.2893711059570	34.0680622041871
51.2892711059570	34.0679884316844
51.2891711059570	34.0679146591818
51.2890711059570	34.0678408866791
51.2889711059570	34.0677671141764
51.2888711059570	34.0676933416737
51.2887711059570	34.0676195691711
51.2886711059570	34.0675457966684
51.2885711059570	34.0674720241657
51.2884711059570	34.0673982516630
51.2883711059570	34.0673244791603
51.2882711059570	34.0672507066577
51.2881711059570	34.0671769341550
51.2880711059570	34.0671031616523
51.2879711059570	34.0670293891496
51.2878711059570	34.0669556166470
51.2877711059570	34.0668818441443
51.2876711059570	34.0668080716416
51.2875711059570	34.0667342991389
51.2874711059570	34.0666605266362
51.2873711059570	34.0665867541336
51.2872711059570	34.0665129816309
51.2871711059570	34.0664392091282
51.2870711059570	34.0663654366255
51.2869711059570	34.0662916641229
51.2868711059570	34.0662178916202
51.2867711059570	34.0661441191175
51.2866711059570	34.0660703466148
51.2865711059570	34.0659965741122
51.2864711059570	34.0659228016095
51.2863711059570	34.0658490291068
51.2862711059570	34.0657752566041
51.2861711059570	34.0657014841014
51.2860711059570	34.0656277115988
51.2859711059570	34.0655539390961
51.2858711059570	34.0654801665934
51.2857711059570	34.0654063940907
51.2856711059570	34.0653326215880
51.2855711059570	34.0652588490854
51.2854711059570	34.0651850765827
51.2853711059570	34.0651113040800
51.2852711059570	34.0650375315773
51.2851711059570	34.0649637590747
51.2850711059570	34.0648899865720
51.2849711059570	34.0648162140693
51.2848711059570	34.0647424415666
51.2847711059570	34.0646686690639
51.2846711059570	34.0645948965613
51.2845711059570	34.0645211240586
51.2844711059570	34.0644473515559
51.2843711059570	34.0643735790532
51.2842711059570	34.0642998065506
51.2841711059570	34.0642260340479
51.2840711059570	34.0641522615452
51.2839711059570	34.0640784890425
51.2838711059570	34.0640047165398
51.2837711059570	34.0639309440372
51.2836711059570	34.0638571715345
51.2835711059570	34.0637833990318
51.2834711059570	34.0637096265291
51.2833711059570	34.0636358540265
51.2832711059570	34.0635620815238
51.2831711059570	34.0634883090211
51.2830711059570	34.0634145365184
51.2829711059570	34.0633407640157
51.2828711059570	34.0632669915131
51.2827711059570	34.0631932190104
51.2826711059570	34.0631194465077
51.2825711059570	34.0630456740050
51.2824711059570	34.0629719015024
51.2823711059570	34.0628981289997
51.2822711059570	34.0628243564970
51.2821711059570	34.0627505839943
51.2820711059570	34.0626768114916
51.2819711059570	34.0626030389890
51.2818711059570	34.0625292664863
51.2817711059570	34.0624554939836
51.2816711059570	34.0623817214809
51.2815711059570	34.0623079489782
51.2814711059570	34.0622341764756
51.2813711059570	34.0621604039729
51.2812711059570	34.0620866314702
51.2811711059570	34.0620128589675
51.2810711059570	34.0619390864649
51.2809711059570	34.0618653139622
51.2808711059570	34.0617915414595
51.2807711059570	34.0617177689568
51.2806711059570	34.0616439964541
51.2805711059570	34.0615702239515
51.2804711059570	34.0614964514488
51.2803711059570	34.0614226789461
51.2802711059570	34.0613489064434
51.2801711059570	34.0612751339408
51.2800711059570	34.0612013614381
51.2799711059570	34.0611275889354
51.2798711059570	34.0610538164327
51.2797711059570	34.0609800439300
51.2796711059570	34.0609062714274
51.2795711059570	34.0608324989247
51.2794711059570	34.0607587264220
51.2793711059570	34.0606849539193
51.2792711059570	34.0606111814167
51.2791711059570	34.0605374089140
51.2790711059570	34.0604636364113
51.2789711059570	34.0603898639086
51.2788711059570	34.0603160914060
51.2787711059570	34.0602423189033
51.2786711059570	34.0601685464006
51.2785711059570	34.0600947738979
51.2784711059570	34.0600210013952
51.2783711059570	34.0599472288926
51.2782711059570	34.0598734563899
51.2781711059570	34.0597996838872
51.2780711059570	34.0597259113845
51.2779711059570	34.0596521388818
51.2778711059570	34.0595783663792
51.2777711059570	34.0595045938765
51.2776711059570	34.0594308213738
51.2775711059570	34.0593570488711
51.2774711059570	34.0592832763685
51.2773711059570	34.0592095038658
51.2772711059570	34.0591357313631
51.2771711059570	34.0590619588604
51.2770711059570	34.0589881863577
51.2769711059570	34.0589144138551
51.2768711059570	34.0588406413524
51.2767711059570	34.0587668688497
51.2766711059570	34.0586930963470
51.2765711059570	34.0586193238444
51.2764711059570	34.0585455513417
51.2763711059570	34.0584717788390
51.2762711059570	34.0583980063363
51.2761711059570	34.0583242338336
51.2760711059570	34.0582504613310
51.2759711059570	34.0581766888283
51.2758711059570	34.0581029163256
51.2757711059570	34.0580291438229
51.2756711059570	34.0579553713203
51.2755711059570	34.0578815988176
51.2754711059570	34.0578078263149
51.2753711059570	34.0577340538122
51.2752711059570	34.0576602813095
51.2751711059570	34.0575865088069
51.2750711059570	34.0575127363042
51.2749711059570	34.0574389638015
51.2748711059570	34.0573651912988
51.2747711059570	34.0572914187962
51.2746711059570	34.0572176462935
51.2745711059570	34.0571438737908
51.2744711059570	34.0570701012881
51.2743711059570	34.0569963287854
51.2742711059570	34.0569225562828
51.2741711059570	34.0568487837801
51.2740711059570	34.0567750112774
51.2739711059570	34.0567012387747
51.2738711059570	34.0566274662721
51.2737711059570	34.0565536937694
51.2736711059570	34.0564799212667
51.2735711059570	34.0564061487640
51.2734711059570	34.0563323762613
51.2733711059570	34.0562586037587
51.2732711059570	34.0561848312560
51.2731711059570	34.0561110587533
51.2730711059570	34.0560372862506
51.2729711059570	34.0559635137480
51.2728711059570	34.0558897412453
51.2727711059570	34.0558159687426
51.2726711059570	34.0557421962399
51.2725711059570	34.0556684237372
51.2724711059570	34.0555946512346
51.2723711059570	34.0555208787319
51.2722711059570	34.0554471062292
51.2721711059570	34.0553733337265
51.2720711059570	34.0552995612239
51.2719711059570	34.0552257887212
51.2718711059570	34.0551520162185
51.2717711059570	34.0550782437158
51.2716711059570	34.0550044712131
51.2715711059570	34.0549306987105
51.2714711059570	34.0548569262078
51.2713711059570	34.0547831537051
51.2712711059570	34.0547093812024
51.2711711059570	34.0546356086998
51.2710711059570	34.0545618361971
51.2709711059570	34.0544880636944
51.2708711059570	34.0544142911917
51.2707711059570	34.0543405186890
51.2706711059570	34.0542667461864
51.2705711059570	34.0541929736837
51.2704711059570	34.0541192011810
51.2703711059570	34.0540454286783
51.2702711059570	34.0539716561757
51.2701711059570	34.0538978836730
51.2700711059570	34.0538241111703
51.2699711059570	34.0537503386676
51.2698711059570	34.0536765661649
51.2697711059570	34.0536027936623
51.2696711059570	34.0535290211596
51.2695711059570	34.0534552486569
51.2694711059570	34.0533814761542
51.2693711059570	34.0533077036516
51.2692711059570	34.0532339311489
51.2691711059570	34.0531601586462
51.2690711059570	34.0530863861435
51.2689711059570	34.0530126136408
51.2688711059570	34.0529388411382
51.2687711059570	34.0528650686355
51.2686711059570	34.0527912961328
51.2685711059570	34.0527175236301
51.2684711059570	34.0526437511274
51.2683711059570	34.0525699786248
51.2682711059570	34.0524962061221
51.2681711059570	34.0524224336194
51.2680711059570	34.0523486611167
51.2679711059570	34.0522748886141
51.2678711059570	34.0522011161114
51.2677711059570	34.0521273436087
51.2676711059570	34.0520535711060
51.2675711059570	34.0519797986033
51.2674711059570	34.0519060261007
51.2673711059570	34.0518322535980
51.2672711059570	34.0517584810953
51.2671711059570	34.0516847085926
51.2670711059570	34.0516109360900
51.2669711059570	34.0515371635873
51.2668711059570	34.0514633910846
51.2667711059570	34.0513896185819
51.2666711059570	34.0513158460793
51.2665711059570	34.0512420735766
51.2664711059570	34.0511683010739
51.2663711059570	34.0510945285712
51.2662711059570	34.0510207560685
51.2661711059570	34.0509469835659
51.2660711059570	34.0508732110632
51.2659711059570	34.0507994385605
51.2658711059570	34.0507256660578
51.2657711059570	34.0506518935552
51.2656711059570	34.0505781210525
51.2655711059570	34.0505043485498
51.2654711059570	34.0504305760471
51.2653711059570	34.0503568035444
51.2652711059570	34.0502830310418
51.2651711059570	34.0502092585391
51.2650711059570	34.0501354860364
51.2649711059570	34.0500617135337
51.2648711059570	34.0499879410311
51.2647711059570	34.0499141685284
51.2646711059570	34.0498403960257
51.2645711059570	34.0497666235230
51.2644711059570	34.0496928510203
51.2643711059570	34.0496190785177
51.2642711059570	34.0495453060150
51.2641711059570	34.0494715335123
51.2640711059570	34.0493977610096
51.2639711059570	34.0493239885069
51.2638711059570	34.0492502160043
51.2637711059570	34.0491764435016
51.2636711059570	34.0491026709989
51.2635711059570	34.0490288984962
51.2634711059570	34.0489551259936
51.2633711059570	34.0488813534909
51.2632711059570	34.0488075809882
51.2631711059570	34.0487338084855
51.2630711059570	34.0486600359828
51.2629711059570	34.0485862634802
51.2628711059570	34.0485124909775
51.2627711059570	34.0484387184748
51.2626711059570	34.0483649459721
51.2625711059570	34.0482911734695
51.2624711059570	34.0482174009668
51.2623711059570	34.0481436284641
51.2622711059570	34.0480698559614
51.2621711059570	34.0479960834587
51.2620711059570	34.0479223109561
51.2619711059570	34.0478485384534
51.2618711059570	34.0477747659507
51.2617711059570	34.0477009934480
51.2616711059570	34.0476272209454
51.2615711059570	34.0475534484427
51.2614711059570	34.0474796759400
51.2613711059570	34.0474059034373
51.2612711059570	34.0473321309346
51.2611711059570	34.0472583584320
51.2610711059570	34.0471845859293
51.2609711059570	34.0471108134266
51.2608711059570	34.0470370409239
51.2607711059570	34.0469632684213
51.2606711059570	34.0468894959186
51.2605711059570	34.0468157234159
51.2604711059570	34.0467419509132
51.2603711059570	34.0466681784105
51.2602711059570	34.0465944059079
51.2601711059570	34.0465206334052
51.2600711059570	34.0464468609025
51.2599711059570	34.0463730883998
51.2598711059570	34.0462993158971
51.2597711059570	34.0462255433945
51.2596711059570	34.0461517708918
51.2595711059570	34.0460779983891
51.2594711059570	34.0460042258864
51.2593711059570	34.0459304533838
51.2592711059570	34.0458566808811
51.2591711059570	34.0457829083784
51.2590711059570	34.0457091358757
51.2589711059570	34.0456353633731
51.2588711059570	34.0455615908704
51.2587711059570	34.0454878183677
51.2586711059570	34.0454140458650
51.2585711059570	34.0453402733623
51.2584711059570	34.0452665008597
51.2583711059570	34.0451927283570
51.2582711059570	34.0451189558543
51.2581711059570	34.0450451833516
51.2580711059570	34.0449714108490
51.2579711059570	34.0448976383463
51.2578711059570	34.0448238658436
51.2577711059570	34.0447500933409
51.2576711059570	34.0446763208382
51.2575711059570	34.0446025483356
51.2574711059570	34.0445287758329
51.2573711059570	34.0444550033302
51.2572711059570	34.0443812308275
51.2571711059570	34.0443074583249
51.2570711059570	34.0442336858222
51.2569711059570	34.0441599133195
51.2568711059570	34.0440861408168
51.2567711059570	34.0440123683141
51.2566711059570	34.0439385958115
51.2565711059570	34.0438648233088
51.2564711059570	34.0437910508061
51.2563711059570	34.0437172783034
51.2562711059570	34.0436435058007
51.2561711059570	34.0435697332981
51.2560711059570	34.0434959607954
51.2559711059570	34.0434221882927
51.2558711059570	34.0433484157900
51.2557711059570	34.0432746432874
51.2556711059570	34.0432008707847
51.2555711059570	34.0431270982820
51.2554711059570	34.0430533257793
51.2553711059570	34.0429795532766
51.2552711059570	34.0429057807740
51.2551711059570	34.0428320082713
51.2550711059570	34.0427582357686
51.2549711059570	34.0426844632659
51.2548711059570	34.0426106907633
51.2547711059570	34.0425369182606
51.2546711059570	34.0424631457579
51.2545711059570	34.0423893732552
51.2544711059570	34.0423156007525
51.2543711059570	34.0422418282499
51.2542711059570	34.0421680557472
51.2541711059570	34.0420942832445
51.2540711059570	34.0420205107418
51.2539711059570	34.0419467382392
51.2538711059570	34.0418729657365
51.2537711059570	34.0417991932338
51.2536711059570	34.0417254207311
51.2535711059570	34.0416516482284
51.2534711059570	34.0415778757258
51.2533711059570	34.0415041032231
51.2532711059570	34.0414303307204
51.2531711059570	34.0413565582177
51.2530711059570	34.0412827857151
51.2529711059570	34.0412090132124
51.2528711059570	34.0411352407097
51.2527711059570	34.0410614682070
51.2526711059570	34.0409876957043
51.2525711059570	34.0409139232017
51.2524711059570	34.0408401506990
51.2523711059570	34.0407663781963
51.2522711059570	34.0406926056936
51.2521711059570	34.0406188331910
51.2520711059570	34.0405450606883
51.2519711059570	34.0404712881856
51.2518711059570	34.0403975156829
51.2517711059570	34.0403237431802
51.2516711059570	34.0402499706776
51.2515711059570	34.0401761981749
51.2514711059570	34.0401024256722
51.2513711059570	34.0400286531695
51.2512711059570	34.0399548806669
51.2511711059570	34.0398811081642
51.2510711059570	34.0398073356615
51.2509711059570	34.0397335631588
51.2508711059570	34.0396597906561
51.2507711059570	34.0395860181535
51.2506711059570	34.0395122456508
51.2505711059570	34.0394384731481
51.2504711059570	34.0393647006454
51.2503711059570	34.0392909281428
51.2502711059570	34.0392171556401
51.2501711059570	34.0391433831374
51.2500711059570	34.0390696106347
51.2499711059570	34.0389958381320
51.2498711059570	34.0389220656294
51.2497711059570	34.0388482931267
51.2496711059570	34.0387745206240
51.2495711059570	34.0387007481213
51.2494711059570	34.0386269756187
51.2493711059570	34.0385532031160
51.2492711059570	34.0384794306133
51.2491711059570	34.0384056581106
51.2490711059570	34.0383318856079
51.2489711059570	34.0382581131053
51.2488711059570	34.0381843406026
51.2487711059570	34.0381105680999
51.2486711059570	34.0380367955972
51.2485711059570	34.0379630230946
51.2484711059570	34.0378892505919
51.2483711059570	34.0378154780892
51.2482711059570	34.0377417055865
51.2481711059570	34.0376679330838
51.2480711059570	34.0375941605812
51.2479711059570	34.0375203880785
51.2478711059570	34.0374466155758
51.2477711059570	34.0373728430731
51.2476711059570	34.0372990705705
51.2475711059570	34.0372252980678
51.2474711059570	34.0371515255651
51.2473711059570	34.0370777530624
51.2472711059570	34.0370039805597
51.2471711059570	34.0369302080571
51.2470711059570	34.0368564355544
51.2469711059570	34.0367826630517
51.2468711059570	34.0367088905490
51.2467711059570	34.0366351180464
51.2466711059570	34.0365613455437
51.2465711059570	34.0364875730410
51.2464711059570	34.0364138005383
51.2463711059570	34.0363400280356
51.2462711059570	34.0362662555330
51.2461711059570	34.0361924830303
51.2460711059570	34.0361187105276
51.2459711059570	34.0360449380249
51.2458711059570	34.0359711655223
51.2457711059570	34.0358973930196
51.2456711059570	34.0358236205169
51.2455711059570	34.0357498480142
51.2454711059570	34.0356760755115
51.2453711059570	34.0356023030089
51.2452711059570	34.0355285305062
51.2451711059570	34.0354547580035
51.2450711059570	34.0353809855008
51.2449711059570	34.0353072129982
51.2448711059570	34.0352334404955
51.2447711059570	34.0351596679928
51.2446711059570	34.0350858954901
51.2445711059570	34.0350121229874
51.2444711059570	34.0349383504848
51.2443711059570	34.0348645779821
51.2442711059570	34.0347908054794
51.2441711059570	34.0347170329767
51.2440711059570	34.0346432604741
51.2439711059570	34.0345694879714
51.2438711059570	34.0344957154687
51.2437711059570	34.0344219429660
51.2436711059570	34.0343481704633
51.2435711059570	34.0342743979607
51.2434711059570	34.0342006254580
51.2433711059570	34.0341268529553
51.2432711059570	34.0340530804526
51.2431711059570	34.0339793079500
51.2430711059570	34.0339055354473
51.2429711059570	34.0338317629446
51.2428711059570	34.0337579904419
51.2427711059570	34.0336842179392
51.2426711059570	34.0336104454366
51.2425711059570	34.0335366729339
51.2424711059570	34.0334629004312
51.2423711059570	34.0333891279285
51.2422711059570	34.0333153554259
51.2421711059570	34.0332415829232
51.2420711059570	34.0331678104205
51.2419711059570	34.0330940379178
51.2418711059570	34.0330202654151
51.2417711059570	34.0329464929125
51.2416711059570	34.0328727204098
51.2415711059570	34.0327989479071
51.2414711059570	34.0327251754044
51.2413711059570	34.0326514029018
51.2412711059570	34.0325776303991
51.2411711059570	34.0325038578964
51.2410711059570	34.0324300853937
51.2409711059570	34.0323563128910
51.2408711059570	34.0322825403884
51.2407711059570	34.0322087678857
51.2406711059570	34.0321349953830
51.2405711059570	34.0320612228803
51.2404711059570	34.0319874503777
51.2403711059570	34.0319136778750
51.2402711059570	34.0318399053723
51.2401711059570	34.0317661328696
51.2400711059570	34.0316923603669
51.2399711059570	34.0316185878643
51.2398711059570	34.0315448153616
51.2397711059570	34.0314710428589
51.2396711059570	34.0313972703562
51.2395711059570	34.0313234978535
51.2394711059570	34.0312497253509
51.2393711059570	34.0311759528482
51.2392711059570	34.0311021803455
51.2391711059570	34.0310284078428
51.2390711059570	34.0309546353402
51.2389711059570	34.0308808628375
51.2388711059570	34.0308070903348
51.2387711059570	34.0307333178321
51.2386711059570	34.0306595453294
51.2385711059570	34.0305857728268
51.2384711059570	34.0305120003241
51.2383711059570	34.0304382278214
51.2382711059570	34.0303644553187
51.2381711059570	34.0302906828161
51.2380711059570	34.0302169103134
51.2379711059570	34.0301431378107
51.2378711059570	34.0300693653080
51.2377711059570	34.0299955928054
51.2376711059570	34.0299218203027
51.2375711059570	34.0298480478000
51.2374711059570	34.0297742752973
51.2373711059570	34.0297005027946
51.2372711059570	34.0296267302920
51.2371711059570	34.0295529577893
51.2370711059570	34.0294791852866
51.2369711059570	34.0294054127839
51.2368711059570	34.0293316402812
51.2367711059570	34.0292578677786
51.2366711059570	34.0291840952759
51.2365711059570	34.0291103227732
51.2364711059570	34.0290365502705
51.2363711059570	34.0289627777679
51.2362711059570	34.0288890052652
51.2361711059570	34.0288152327625
51.2360711059570	34.0287414602598
51.2359711059570	34.0286676877571
51.2358711059570	34.0285939152545
51.2357711059570	34.0285201427518
51.2356711059570	34.0284463702491
51.2355711059570	34.0283725977464
51.2354711059570	34.0282988252438
51.2353711059570	34.0282250527411
51.2352711059570	34.0281512802384
51.2351711059570	34.0280775077357
51.2350711059570	34.0280037352330
51.2349711059570	34.0279299627304
51.2348711059570	34.0278561902277
51.2347711059570	34.0277824177250
51.2346711059570	34.0277086452223
51.2345711059570	34.0276348727197
51.2344711059570	34.0275611002170
51.2343711059570	34.0274873277143
51.2342711059570	34.0274135552116
51.2341711059570	34.0273397827089
51.2340711059570	34.0272660102063
51.2339711059570	34.0271922377036
51.2338711059570	34.0271184652009
51.2337711059570	34.0270446926982
51.2336711059570	34.0269709201956
51.2335711059570	34.0268971476929
51.2334711059570	34.0268233751902
51.2333711059570	34.0267496026875
51.2332711059570	34.0266758301848
51.2331711059570	34.0266020576822
51.2330711059570	34.0265282851795
51.2329711059570	34.0264545126768
51.2328711059570	34.0263807401741
51.2327711059570	34.0263069676715
51.2326711059570	34.0262331951688
51.2325711059570	34.0261594226661
51.2324711059570	34.0260856501634
51.2323711059570	34.0260118776607
51.2322711059570	34.0259381051581
51.2321711059570	34.0258643326554
51.2320711059570	34.0257905601527
51.2319711059570	34.0257167876500
51.2318711059570	34.0256430151473
51.2317711059570	34.0255692426447
51.2316711059570	34.0254954701420
51.2315711059570	34.0254216976393
51.2314711059570	34.0253479251366
51.2313711059570	34.0252741526340
51.2312711059570	34.0252003801313
51.2311711059570	34.0251266076286
51.2310711059570	34.0250528351259
51.2309711059570	34.0249790626232
51.2308711059570	34.0249052901206
51.2307711059570	34.0248315176179
51.2306711059570	34.0247577451152
51.2305711059570	34.0246839726125
51.2304711059570	34.0246102001099
51.2303711059570	34.0245364276072
51.2302711059570	34.0244626551045
51.2301711059570	34.0243888826018
51.2300711059570	34.0243151100992
51.2299711059570	34.0242413375965
51.2298711059570	34.0241675650938
51.2297711059570	34.0240937925911
51.2296711059570	34.0240200200884
51.2295711059570	34.0239462475858
51.2294711059570	34.0238724750831
51.2293711059570	34.0237987025804
51.2292711059570	34.0237249300777
51.2291711059570	34.0236511575751
51.2290711059570	34.0235773850724
51.2289711059570	34.0235036125697
51.2288711059570	34.0234298400670
51.2287711059570	34.0233560675643
51.2286711059570	34.0232822950617
51.2285711059570	34.0232085225590
51.2284711059570	34.0231347500563
51.2283711059570	34.0230609775536
51.2282711059570	34.0229872050509
51.2281711059570	34.0229134325483
51.2280711059570	34.0228396600456
51.2279711059570	34.0227658875429
51.2278711059570	34.0226921150402
51.2277711059570	34.0226183425376
51.2276711059570	34.0225445700349
51.2275711059570	34.0224707975322
51.2274711059570	34.0223970250295
51.2273711059570	34.0223232525268
51.2272711059570	34.0222494800242
51.2271711059570	34.0221757075215
51.2270711059570	34.0221019350188
51.2269711059570	34.0220281625161
51.2268711059570	34.0219543900135
51.2267711059570	34.0218806175108
51.2266711059570	34.0218068450081
51.2265711059570	34.0217330725054
51.2264711059570	34.0216593000027
51.2263711059570	34.0215855275001
51.2262711059570	34.0215117549974
51.2261711059570	34.0214379824947
51.2260711059570	34.0213642099920
51.2259711059570	34.0212904374894
51.2258711059570	34.0212166649867
51.2257711059570	34.0211428924840
51.2256711059570	34.0210691199813
51.2255711059570	34.0209953474786
51.2254711059570	34.0209215749760
51.2253711059570	34.0208478024733
51.2252711059570	34.0207740299706
51.2251711059570	34.0207002574679
51.2250711059570	34.0206264849653
51.2249711059570	34.0205527124626
51.2248711059570	34.0204789399599
51.2247711059570	34.0204051674572
51.2246711059570	34.0203313949545
51.2245711059570	34.0202576224519
51.2244711059570	34.0201838499492
51.2243711059570	34.0201100774465
51.2242711059570	34.0200363049438
51.2241711059570	34.0199625324412
51.2240711059570	34.0198887599385
51.2239711059570	34.0198149874358
51.2238711059570	34.0197412149331
51.2237711059570	34.0196674424304
51.2236711059570	34.0195936699278
51.2235711059570	34.0195198974251
51.2234711059570	34.0194461249224
51.2233711059570	34.0193723524197
51.2232711059570	34.0192985799171
51.2231711059570	34.0192248074144
51.2230711059570	34.0191510349117
51.2229711059570	34.0190772624090
51.2228711059570	34.0190034899063
51.2227711059570	34.0189297174037
51.2226711059570	34.0188559449010
51.2225711059570	34.0187821723983
51.2224711059570	34.0187083998956
51.2223711059570	34.0186346273930
51.2222711059570	34.0185608548903
51.2221711059570	34.0184870823876
51.2220711059570	34.0184133098849
51.2219711059570	34.0183395373822
51.2218711059570	34.0182657648796
51.2217711059570	34.0181919923769
51.2216711059570	34.0181182198742
51.2215711059570	34.0180444473715
51.2214711059570	34.0179706748689
51.2213711059570	34.0178969023662
51.2212711059570	34.0178231298635
51.2211711059570	34.0177493573608
51.2210711059570	34.0176755848582
51.2209711059570	34.0176018123555
51.2208711059570	34.0175280398528
51.2207711059570	34.0174542673501
51.2206711059570	34.0173804948474
51.2205711059570	34.0173067223448
51.2204711059570	34.0172329498421
51.2203711059570	34.0171591773394
51.2202711059570	34.0170854048367
51.2201711059570	34.0170116323340
51.2200711059570	34.0169378598314
51.2199711059570	34.0168640873287
51.2198711059570	34.0167903148260
51.2197711059570	34.0167165423233
51.2196711059570	34.0166427698207
51.2195711059570	34.0165689973180
51.2194711059570	34.0164952248153
51.2193711059570	34.0164214523126
51.2192711059570	34.0163476798099